

COLORS =  [0.34     0.57        0.92;
           0.7500   0.1250      0.1180;
           0.00     0.60        0.00;
           0.9      0.5         0.1;
           0.9      0.9         0;
           0.3940   0.1240      0.2560
           0.75     0.00        0.75;
           0.00     0.00        0.95;
           0        1           0;
           0.88     0.75        0.73
           0.20     0.85        0.85
           ];



% COLORS = [1 0 0;
%           0 1 0;
%           0 0 1;
%           1 1 0;
%           0 1 1;
%           1 0 1;
%           1 1 1];
           
COLORS = [COLORS;0.5.*COLORS; 0.3.*COLORS; 0.1.*COLORS];


